EXP 1 - fuuuuuuuuuuuuuuuuuuu
f_in(kHz),Vpp_out,(mV),Phase1->2(deg),Phase2->1(deg)
0.9500000,36.0,-62,-58
1.2500000,42.8,-46,-46, <- fL
1.4500000,45.0
1.9500000,51.2
2.9500000,55.2
4.9500000,57.4
6.9500000,58.4
8.9500000,60.0
10.950000,58.4
12.950000,60.0
14.950000,60.5 <- resonant
16.950000,60.0
18.950000,58.4
20.950000,56.8
22.950000,55.2
24.950000,55.8
26.950000,55.2
28.950000,54.4
30.950000,53.6
32.950000,53.6
34.950000,52.8
36.950000,52.0
38.950000,51.2
40.950000,50.4
42.950000,49.6
44.950000,48.8
46.950000,48.0
48.950000,47.2
50.950000,49.6
55.950000,46.4
65.950000,42.0
70.950000,42.4
75.950000,42.8,27,32 <- fH
79.950000,41.6
116.95000,37.6
128.95000,41.6
142.45000,36.8,-245,116


EXP 2
(a)
264,10.250000,14,14
176,10.091000,-47,-47
176,10.368000,45,45
(b)
72.8,10.280000,0,7
51.2,9.7500000,-48,-48
51.2,10.710000,41,43

EXP 3
14.0mV,14 oscillations
13.0mV,7 oscillations

EXP 4
ch1 - square,ch2 - sine wave,324mV
ch1-3.4130000kHz,ch2-114mV,10.00kHz


224,10.244000,7,7
172,19.103000,-44,-40

